[Calibration]
OffsetRX=2441
OffsetRY=562
OffsetLX=1028
OffsetLY=-942
OffsetRT=0
OffsetLT=0
RatioRX=1.68388390541
RatioRY=1.68629252911
RatioLX=1.71668756008
RatioLY=1.73855447769
RatioRT=1.
RatioLT=1.
